QoI_0 = 5.437147568538261e-03
QoI_1 = 5.911236359717214e-01