QoI_0 = 5.437147568538261e-03
QoI_1 = -9.90470967966006e-02